seq.size() =    80
 32:  32  12  31
 33:  33  16  27
 34:  34  21  28
 35:  35   4  21
 36:  36   4  32
 37:  37  13  20
 38:  38  20  36   4
 39:  39   9  16
 40:  40   1   8
 41:  41   0  17
 42:  42  13  32
 43:  43  14  35
 44:  44  30  43  30
 45:  45   8  33
 46:  46   0  45   0
 47:  47   2  39
 48:  48  26  47  10
 49:  49   6  23
 50:  50  42  49  23
 51:  51  19  47
 52:  52  45  51  19
 53:  53  18  26
 54:  54  40  53  18
 55:  55  30  37
 56:  56   6  55  14
 57:  57  26  41
 58:  58  10  57  26
 59:  59   5  12
 60:  60  34  42
 61:  61  59  60   5
 62:  62  11  41
 63:  63  17  33
 64:  64   3  25
 65:  65  62  64  17
 66:  66  22  59
 67:  67  30  66  22
 68:  68  15  66
 69:  69  36  68  31
 70:  70   3  10
 71:  71  63  70  11
 72:  72   2  64
 73:  73  51  72  25
 74:  74  37  69
 75:  75  61  74  12
 76:  76  70  72
 77:  77  18  76   2
 78:  78  50  61
 79:  79  35  78  28
 80:  80  24  39
 81:  81   1  63
 82:  82  81  80   1
 83:  83  40  82
 84:  84  71  83  16
 85:  85  22  29
 86:  86  23  68
 87:  87  85  86  13
 88:  88  14  85
 89:  89   6  88   6
 90:  90   7  86
 91:  91  67  90   7
 92:  92   7  29
 93:  93  23  37
 94:  94  92  93  29
 95:  95  11  19
 96:  96  26  95
 97:  97   3  96   3
 98:  98   7  12
 99:  99  43  98
100: 100  38  99  15
101: 101  60 100  20
102: 102  25  95
103: 103  40 102   9
104: 104  15  92
105: 105  35 104  21
106: 106  16  62
107: 107  18 106
108: 108  24 107   8
109: 109 107  81  27
110: 110  41  82
111: 111  52 110  24
